40x40x1,87 1,87 3,00 23,10 3,58 1,24 1,24 0,79 1,1
40x40x2,42 2,42 4,00 30,80 4,47 1,55 1,22 0,79 1,15
40x40x3,00 3,00 5,00 37,50 5,56 1,97 1,22 0,79 1,18
45x45x2,12 2,12 3,00 26,10 5,16 1,58 1,41 0,89 1,23
45x45x2,77 2,77 4,00 34,40 6,67 2,07 1,39 0,89 1,28
45x45x3,38 3,38 5,00 43,00 7,84 2,43 1,35 0,87 1,40
50x50x2,36 2,36 3,00 29,10 7,15 1,96 1,57 0,99 1,35
50x50x3,09 3,09 4,00 38,40 9,26 2,57 1,55 0,99 1,40
50x50x3,77 3,77 5,00 48,00 11,00 3,05 1,54 0,97 1,42
50x50x4,47 4,47 6,00 56,90 12,80 3,72 1,51 0,97 1,56 
60x60x3,64 3,64 4,00 46,40 16,31 3,75 1,88 1,19 1,65
60x60x4,57 4,57 5,00 58,20 19,40 4,45 1,82 1,17 1,64
60x60x5,42 5,42 6,00 69,10 22,80 5,29 1,82 1,17 1,82
65x65x3,96 3,96 4,00 50,40 20,90 4,42 2,03 1,29 1,77
65x65x4,98 4,98 5,00 63,40 24,70 5,20 2,01 1,28 1,77
65x65x5,91 5,91 6,00 74,40 30,00 6,44 2,01 1,28 1,84
75x75x5,71 5,71 5,00 72,70 38,70 7,06 2,31 1,48 2,02
75x75x6,87 6,87 6,00 87,20 45,70 8,40 2,30 1,48 2,05
75x75x7,92 7,92 7,00 101,00 52,60 9,73 2,28 1,46 2,09
80x80x6,08 6,08 5,00 77,50 48,60 8,35 2,50 1,59 2,18
80x80x7,25 7,25 6,00 92,40 57,30 9,91 2,49 1,58 2,22
80x80x8,49 8,49 7,00 108,00 64,20 11,10 2,44 1,57 2,21
80x80x9,66 9,66 8,00 123,00 72,30 12,60 2,42 1,55 2,26
90x90x8,30 8,30 6,00 106,00 80,30 12,20 2,76 1,78 2,41
90x90x9,50 9,50 7,00 121,00 94,80 14,60 2,80 1,78 2,51
90x90x10,90 10,90 8,00 139,00 104,00 16,10 2,74 1,76 2,50
100x100x9,14 9,14 6,00 116,40 114,40 15,70 3,13 1,99 2,72
100x100x10,70 10,70 7,00 137,00 128,00 17,50 3,06 1,97 2,69
100x100x12,20 12,20 8,00 155,00 145,00 19,90 3,06 1,96 2,74
100x100x13,50 13,50 9,00 172,00 164,30 22,90 3,09 1,97 2,83