2x3"x6,10 12,2 76,20 4,32 35,81 6,93 15,56 137,8 18,10 2,98 8,20 3,32 1,03 1,11
2x3"x7,44 14,88 76,20 6,55 35,05 6,93 18,96 77,20 20,30 2,85 10,30 3,82 1,04 1,11
2x4"x8,04 16,08 101,60 4,67 40,23 7,52 20,20 159,50 31,40 3,97 13,10 4,61 1,14 1,16
2x4"x9,30 18,6 101,60 6,27 41,83 7,52 23,80 174,40 34,30 3,84 15,50 5,10 1,14 1,15
2x6"x12,20 24,4 152,40 5,08 48,77 8,71 31,00 546,00 71,70 5,94 28,80 8,16 1,36 1,30
2x6"x15,62 31,24 152,40 7,98 51,66 8,71 39,80 632,00 82,90 5,63 36,00 9,24 1,34 1,27
2x8"x17,10 34,2 203,20 5,59 57,40 9,50 43,36 1334,30 132,70 7,87 54,10 12,94 1,42 1,47
2x8"x20,5 41,0 203,20 7,70 59,51 9,50 51,86 1490,00 147,50 7,59 62,40 14,09 1,42 1,42
2x10"x22,77 45,54 254,00 6,10 66,04 11,10 58,00 2800,00 221,00 9,84 95,00 19,00 1,81 1,61
2x10"x30,80 61,60 254,00 7,20 74,00 12,70 78,6 5370,00 352,00 11,70 161,00 28,30 2,03 1,77
2x12"x29,79 59,58 305,00 9,63 69,57 11,10 78,6 3290,00 259,00 9,31 117,00 21,60 1,76 1,54
2x12"x37,00 74,00 305,00 9,80 77,00 12,70 94,8 6010,00 394,00 11,30 186,00 30,90 1,98 1,71