3"x6,10 6,10 76,20 4,32 35,81 6,93 7,78 68,90 18,10 2,98 8,20 3,32 1,03 1,11
3"x7,44 7,44 76,20 6,55 35,05 6,93 9,48 77,20 20,30 2,85 10,30 3,82 1,04 1,11
4"x8,04 8,04 101,60 4,67 40,23 7,52 10,10 159,50 31,40 3,97 13,10 4,61 1,14 1,16
4"x9,30 9,30 101,60 6,27 41,83 7,52 11,90 174,40 34,30 3,84 15,50 5,10 1,14 1,15
6"x12,20 12,20 152,40 5,08 48,77 8,71 15,50 546,00 71,70 5,94 28,80 8,16 1,36 1,30
6"x15,62 15,62 152,40 7,98 51,66 8,71 19,90 632,00 82,90 5,63 36,00 9,24 1,34 1,27
8"x17,10 17,10 203,20 5,59 57,40 9,50 21,68 1334,30 132,70 7,87 54,10 12,94 1,42 1,47
8"x20,5 20,5 203,20 7,70 59,51 9,50 25,93 1490,00 147,50 7,59 62,40 14,09 1,42 1,42
10"x22,77 22,77 254,00 6,10 66,04 11,10 29,00 2800,00 221,00 9,84 95,00 19,00 1,81 1,61
10"x30,80 30,80 254,00 7,20 74,00 12,70 39,30 5370,00 352,00 11,70 161,00 28,30 2,03 1,77
12"x29,79 29,79 305,00 9,63 69,57 11,10 37,90 3290,00 259,00 9,31 117,00 21,60 1,76 1,54
12"x37,00 37,00 305,00 9,80 77,00 12,70 47,40 6010,00 394,00 11,30 186,00 30,90 1,98 1,71
